111111111111111111111111111111111111111111
2                                        2
2 11111 111  1111   111   11111  111111  2
21111111111  2222222222 3333333 4444444442
2                                        2
2                                        2
22222222  2222222222  2222222222 222  2 22
2                                        2
233333333333333333   222222222222222222222
233333333333333333   222222222222222222222
233333333333333333   222222222222222222222
233333333333333333   222222222222222222222
111111111111111111   222222222222222222222
111111111111111111   222222222222222222222
111111111111111111   222222222222222222222
111111111111111111   222222222222222222222
111111111111111111   222222222222222222222
111111111111111111   222222222222222222222
111111111111111111   222222222222222222222
111111111111111111   222222222222222222222
111111111111111111   222222222222222222222
111111111111111111   222222222222222222222
111111111111111111   222222222222222222222
111111111111111111   222222222222222222222
666666666666666666666666666666666666666666
