3333333333333333333333333333333333333
3    33333333333333333333333333333333
333   3333333333333333333333333333333
3333   333333333333333333333333333333
33333   33333333333333333333333333333
333333  33333333333333333333333333333
3333333  3333333333333333333333333333
33333333  333333333333333333333333333
333333333  33333333333333333333333333
333333333  33333333333333333333333333
3333333333  3333333333333333333333333
3333333333  3333333333333333333333333
33333333333  333333333333333333333333
33333333333  333333333333333333333333
333333333    333333333333333333333333
33333333   33333333333333333333333333
3333333   333333333333333333333333333
3333333   333333333333333333333333333
33333333  333333333333333333333333333
33333333  333333333333333333333333333
333333333  33333333333333333333333333
333333333  33333333333333333333333333
333333333  33333333333333333333333333
3333333333  3333333333333333333333333
33333333333 3333333333333333333333333
33333333333 3333333333333333333333333
33333333333 3333333333333333333333333
33333333333 3333333333333333333333333
33333333333 3333333333333333333333333
33333333333 3333333333333333333333333
33333333333 3333333333333333333333333
33333333333 3333333333333333333333333
33333333333 3333333333333333333333333
3333333333  3333333333333333333333333
33333333333 3333333333333333333333333
33333333333 3333333333333333333333333
33333333333 3333333333333333333333333
33333333333 3333333333333333333333333
33333333333 3333333333333333333333333
33333333333 3333333333333333333333333
33333333333 3333333333333333333333333
33333333333 3333333333333333333333333
33333333333 3333333333333333333333333
33333333333 3333333333333333333333333
33333333333 3333333333333333333333333
33333333333 3333333333333333333333333
33333333333 3333333333333333333333333
33333333333 3333333333333333333333333
33333333333 3333333333333333333333333
33333333333 3333333333333333333333333
33333333333 3333333333333333333333333
33333333333 3333333333333333333333333
33333333333 3333333333333333333333333
33333333333 3333333333333333333333333
33333333333 3333333333333333333333333
3333366666666666666666666666666666666 