44444444444444
4    444444444
4      4444444
4    4444
4  4444
4   444444444
4   444444444
4   444444444
4   444444444
4   444444444
4   444444444
4   444444444
4   444444444
4   444444444
4   444444444
4   444444444
4   444444444
4   444444444
4   444444444
4   444444444
4   444444444
4   444444444
4   444444444
4   444444444
4   444444444
4   444444444
4   444444444
4   444444444
4   444444444
4   444444444
4   444444444
4   444444444
4   444444444
4   444444444
44  444444444
44  444444444
44  444444444
44  444444444
444 444444444
444 444444444
444 444444444
444 444444444
444 444444444
444 444444444
444 444444444
444 444444444
444 444444444
444 444444444
444 444444444
4666444444444